# 缺失数据清单 - 2026-01-13 13:03
# 共 2068 个交易日，128780 条记录

# 日期列表
20170614
20170615
20170616
20170619
20170620
20170621
20170622
20170626
20170627
20170628
20170629
20170630
20170703
20170704
20170705
20170706
20170707
20170710
20170711
20170712
20170713
20170714
20170717
20170718
20170719
20170720
20170721
20170724
20170725
20170726
20170727
20170728
20170731
20170801
20170802
20170803
20170804
20170807
20170808
20170809
20170810
20170811
20170814
20170815
20170816
20170817
20170818
20170821
20170822
20170823
20170824
20170825
20170828
20170829
20170830
20170831
20170901
20170904
20170905
20170906
20170907
20170908
20170911
20170912
20170913
20170914
20170915
20170918
20170919
20170920
20170921
20170922
20170925
20170926
20170927
20170928
20170929
20171009
20171010
20171011
20171012
20171013
20171016
20171017
20171018
20171019
20171020
20171023
20171024
20171025
20171026
20171027
20171030
20171031
20171101
20171102
20171103
20171106
20171107
20171108
20171109
20171110
20171113
20171114
20171115
20171116
20171117
20171120
20171121
20171122
20171123
20171124
20171127
20171128
20171129
20171130
20171201
20171204
20171205
20171206
20171207
20171208
20171211
20171212
20171213
20171214
20171215
20171218
20171219
20171220
20171221
20171222
20171225
20171226
20171227
20171228
20171229
20180102
20180103
20180104
20180105
20180108
20180109
20180110
20180111
20180112
20180115
20180116
20180117
20180118
20180119
20180122
20180123
20180124
20180125
20180126
20180129
20180130
20180131
20180201
20180202
20180205
20180206
20180207
20180208
20180209
20180212
20180213
20180214
20180222
20180223
20180226
20180227
20180228
20180301
20180302
20180305
20180306
20180307
20180308
20180309
20180312
20180313
20180314
20180315
20180316
20180319
20180320
20180321
20180322
20180323
20180326
20180327
20180328
20180329
20180330
20180402
20180403
20180404
20180409
20180410
20180411
20180412
20180413
20180416
20180417
20180418
20180419
20180420
20180423
20180424
20180425
20180426
20180427
20180502
20180503
20180504
20180507
20180508
20180509
20180510
20180511
20180514
20180515
20180516
20180517
20180518
20180521
20180522
20180523
20180524
20180525
20180528
20180529
20180530
20180531
20180601
20180604
20180605
20180606
20180607
20180608
20180611
20180612
20180613
20180614
20180615
20180619
20180620
20180621
20180622
20180625
20180626
20180627
20180628
20180629
20180702
20180703
20180704
20180705
20180706
20180709
20180710
20180711
20180712
20180713
20180716
20180717
20180718
20180719
20180720
20180723
20180724
20180725
20180726
20180727
20180730
20180731
20180801
20180802
20180803
20180806
20180807
20180808
20180809
20180810
20180813
20180814
20180815
20180816
20180817
20180820
20180821
20180822
20180823
20180824
20180827
20180828
20180829
20180830
20180831
20180903
20180904
20180905
20180906
20180907
20180910
20180911
20180912
20180913
20180914
20180917
20180918
20180919
20180920
20180921
20180925
20180926
20180927
20180928
20181008
20181009
20181010
20181011
20181012
20181015
20181016
20181017
20181018
20181019
20181022
20181023
20181024
20181025
20181026
20181029
20181030
20181031
20181101
20181102
20181105
20181106
20181107
20181108
20181109
20181112
20181113
20181114
20181115
20181116
20181119
20181120
20181121
20181122
20181123
20181126
20181127
20181128
20181129
20181130
20181203
20181204
20181205
20181206
20181207
20181210
20181211
20181212
20181213
20181214
20181217
20181218
20181219
20181220
20181221
20181224
20181225
20181226
20181227
20181228
20190102
20190103
20190104
20190107
20190108
20190109
20190110
20190111
20190114
20190115
20190116
20190117
20190118
20190121
20190122
20190123
20190124
20190125
20190128
20190129
20190130
20190131
20190201
20190211
20190212
20190213
20190214
20190215
20190218
20190219
20190220
20190221
20190222
20190225
20190226
20190227
20190228
20190301
20190304
20190305
20190306
20190307
20190308
20190311
20190312
20190313
20190314
20190315
20190318
20190319
20190320
20190321
20190322
20190325
20190326
20190327
20190328
20190329
20190402
20190403
20190404
20190408
20190409
20190410
20190411
20190412
20190415
20190416
20190417
20190418
20190419
20190422
20190423
20190424
20190425
20190426
20190429
20190430
20190506
20190507
20190508
20190509
20190510
20190513
20190514
20190515
20190516
20190517
20190520
20190521
20190522
20190523
20190524
20190527
20190528
20190529
20190530
20190531
20190603
20190604
20190605
20190606
20190610
20190611
20190612
20190613
20190614
20190617
20190618
20190619
20190620
20190621
20190624
20190625
20190626
20190627
20190628
20190701
20190702
20190703
20190704
20190705
20190708
20190709
20190710
20190711
20190712
20190715
20190716
20190717
20190718
20190719
20190722
20190723
20190724
20190725
20190726
20190729
20190730
20190731
20190801
20190802
20190805
20190806
20190807
20190808
20190809
20190812
20190813
20190814
20190815
20190816
20190819
20190820
20190821
20190822
20190823
20190826
20190827
20190828
20190829
20190830
20190902
20190903
20190904
20190905
20190906
20190909
20190910
20190911
20190912
20190916
20190917
20190918
20190919
20190920
20190923
20190924
20190925
20190926
20190927
20190930
20191008
20191009
20191010
20191011
20191014
20191015
20191016
20191017
20191018
20191021
20191022
20191023
20191025
20191028
20191029
20191030
20191031
20191101
20191105
20191106
20191107
20191108
20191111
20191112
20191113
20191114
20191115
20191118
20191119
20191120
20191121
20191122
20191125
20191126
20191127
20191129
20191202
20191203
20191204
20191205
20191206
20191209
20191210
20191211
20191212
20191213
20191216
20191217
20191218
20191219
20191220
20191223
20191224
20191225
20191226
20191227
20191230
20191231
20200102
20200103
20200106
20200107
20200108
20200109
20200110
20200113
20200114
20200115
20200116
20200117
20200120
20200121
20200122
20200123
20200203
20200204
20200205
20200206
20200207
20200210
20200211
20200212
20200213
20200214
20200217
20200218
20200219
20200221
20200224
20200226
20200227
20200228
20200302
20200303
20200304
20200305
20200306
20200309
20200310
20200311
20200312
20200313
20200317
20200318
20200319
20200320
20200323
20200324
20200325
20200326
20200327
20200330
20200331
20200401
20200402
20200403
20200407
20200408
20200409
20200410
20200413
20200414
20200415
20200416
20200417
20200420
20200421
20200422
20200424
20200427
20200428
20200429
20200430
20200506
20200507
20200508
20200511
20200512
20200513
20200514
20200515
20200518
20200519
20200520
20200521
20200522
20200525
20200526
20200527
20200528
20200529
20200601
20200602
20200603
20200604
20200605
20200608
20200609
20200610
20200611
20200612
20200615
20200616
20200617
20200619
20200622
20200623
20200624
20200629
20200630
20200701
20200702
20200703
20200706
20200707
20200709
20200710
20200713
20200714
20200715
20200716
20200717
20200721
20200722
20200723
20200724
20200727
20200728
20200729
20200730
20200731
20200803
20200804
20200805
20200806
20200807
20200810
20200811
20200812
20200813
20200814
20200817
20200818
20200819
20200820
20200821
20200825
20200826
20200827
20200828
20200831
20200901
20200902
20200903
20200904
20200907
20200908
20200909
20200910
20200911
20200914
20200915
20200916
20200917
20200918
20200921
20200922
20200923
20200924
20200925
20200928
20200929
20200930
20201009
20201012
20201013
20201014
20201015
20201016
20201019
20201020
20201021
20201022
20201023
20201026
20201027
20201028
20201029
20201030
20201102
20201103
20201104
20201105
20201106
20201109
20201110
20201111
20201112
20201113
20201116
20201117
20201118
20201119
20201123
20201124
20201125
20201126
20201127
20201130
20201201
20201202
20201203
20201204
20201207
20201208
20201209
20201210
20201211
20201214
20201215
20201216
20201217
20201218
20201221
20201222
20201223
20201224
20201225
20201228
20201229
20201230
20201231
20210104
20210105
20210106
20210107
20210108
20210111
20210112
20210113
20210114
20210115
20210118
20210119
20210120
20210121
20210122
20210125
20210126
20210127
20210128
20210201
20210202
20210204
20210205
20210208
20210209
20210210
20210218
20210219
20210222
20210223
20210224
20210225
20210226
20210301
20210302
20210303
20210304
20210305
20210308
20210309
20210310
20210311
20210312
20210315
20210317
20210318
20210319
20210322
20210323
20210324
20210325
20210326
20210329
20210330
20210331
20210401
20210402
20210406
20210407
20210408
20210409
20210412
20210413
20210414
20210415
20210416
20210419
20210420
20210421
20210422
20210423
20210426
20210427
20210428
20210429
20210430
20210506
20210507
20210510
20210511
20210512
20210513
20210514
20210517
20210518
20210519
20210520
20210521
20210524
20210525
20210526
20210527
20210528
20210531
20210601
20210602
20210603
20210604
20210607
20210608
20210609
20210610
20210611
20210615
20210616
20210617
20210618
20210621
20210622
20210623
20210624
20210625
20210628
20210629
20210630
20210701
20210702
20210705
20210706
20210707
20210708
20210709
20210712
20210713
20210714
20210715
20210716
20210719
20210720
20210721
20210722
20210723
20210726
20210727
20210728
20210729
20210730
20210802
20210803
20210804
20210805
20210806
20210809
20210810
20210811
20210812
20210813
20210816
20210817
20210818
20210819
20210820
20210823
20210824
20210825
20210826
20210827
20210830
20210831
20210901
20210902
20210903
20210906
20210907
20210908
20210909
20210910
20210913
20210914
20210915
20210916
20210917
20210922
20210923
20210924
20210927
20210928
20210929
20210930
20211008
20211011
20211012
20211013
20211014
20211015
20211018
20211019
20211020
20211021
20211022
20211025
20211026
20211027
20211028
20211029
20211101
20211102
20211103
20211104
20211105
20211108
20211109
20211110
20211111
20211112
20211115
20211116
20211117
20211118
20211119
20211122
20211123
20211124
20211125
20211126
20211129
20211130
20211201
20211202
20211203
20211206
20211207
20211208
20211209
20211210
20211213
20211214
20211215
20211216
20211217
20211220
20211221
20211222
20211223
20211224
20211227
20211228
20211229
20211230
20211231
20220104
20220105
20220106
20220107
20220110
20220111
20220112
20220113
20220114
20220117
20220118
20220119
20220120
20220121
20220124
20220125
20220126
20220127
20220128
20220207
20220208
20220209
20220210
20220211
20220214
20220215
20220216
20220217
20220218
20220221
20220222
20220223
20220224
20220225
20220228
20220301
20220302
20220303
20220304
20220307
20220308
20220309
20220310
20220311
20220314
20220315
20220316
20220317
20220318
20220321
20220322
20220323
20220324
20220325
20220328
20220329
20220330
20220331
20220401
20220406
20220407
20220408
20220411
20220412
20220413
20220414
20220415
20220418
20220419
20220420
20220421
20220422
20220425
20220426
20220427
20220428
20220429
20220505
20220506
20220509
20220510
20220511
20220512
20220513
20220516
20220517
20220518
20220519
20220520
20220523
20220524
20220525
20220526
20220527
20220530
20220531
20220601
20220602
20220606
20220607
20220608
20220609
20220610
20220613
20220614
20220615
20220616
20220617
20220620
20220621
20220622
20220623
20220624
20220627
20220628
20220629
20220630
20220701
20220704
20220705
20220706
20220707
20220708
20220711
20220712
20220713
20220714
20220715
20220718
20220719
20220720
20220721
20220722
20220725
20220726
20220727
20220728
20220729
20220801
20220802
20220803
20220804
20220805
20220808
20220809
20220810
20220811
20220812
20220815
20220816
20220817
20220818
20220819
20220822
20220823
20220824
20220825
20220826
20220829
20220830
20220831
20220901
20220902
20220905
20220906
20220907
20220908
20220909
20220913
20220914
20220915
20220916
20220919
20220920
20220921
20220922
20220923
20220926
20220927
20220928
20220929
20220930
20221010
20221011
20221012
20221013
20221014
20221017
20221018
20221019
20221020
20221021
20221024
20221025
20221026
20221027
20221028
20221031
20221101
20221102
20221103
20221104
20221107
20221108
20221109
20221110
20221111
20221114
20221115
20221116
20221117
20221118
20221121
20221122
20221123
20221124
20221125
20221128
20221129
20221130
20221201
20221202
20221205
20221206
20221207
20221208
20221209
20221212
20221213
20221214
20221215
20221216
20221219
20221220
20221221
20221222
20221223
20221226
20221227
20221228
20221229
20221230
20230103
20230104
20230105
20230106
20230109
20230110
20230111
20230112
20230113
20230116
20230117
20230118
20230119
20230120
20230130
20230131
20230201
20230202
20230203
20230206
20230207
20230208
20230209
20230210
20230213
20230214
20230215
20230216
20230217
20230220
20230221
20230222
20230223
20230224
20230227
20230228
20230301
20230302
20230303
20230306
20230307
20230308
20230309
20230310
20230313
20230314
20230315
20230316
20230317
20230320
20230321
20230322
20230323
20230324
20230327
20230328
20230329
20230330
20230331
20230403
20230404
20230406
20230407
20230410
20230411
20230412
20230413
20230414
20230417
20230418
20230419
20230420
20230421
20230424
20230425
20230426
20230427
20230428
20230504
20230505
20230508
20230509
20230510
20230511
20230512
20230515
20230516
20230517
20230518
20230519
20230522
20230523
20230524
20230525
20230526
20230529
20230530
20230531
20230601
20230602
20230605
20230606
20230607
20230608
20230609
20230612
20230613
20230614
20230615
20230616
20230619
20230620
20230621
20230626
20230627
20230628
20230629
20230630
20230703
20230704
20230705
20230706
20230707
20230710
20230711
20230712
20230713
20230714
20230717
20230718
20230719
20230720
20230721
20230724
20230725
20230726
20230727
20230728
20230731
20230801
20230802
20230803
20230804
20230807
20230808
20230809
20230810
20230811
20230814
20230815
20230816
20230817
20230818
20230821
20230822
20230823
20230824
20230825
20230828
20230829
20230830
20230831
20230901
20230904
20230905
20230906
20230907
20230908
20230911
20230912
20230913
20230914
20230915
20230918
20230919
20230920
20230921
20230922
20230925
20230926
20230927
20230928
20231009
20231010
20231011
20231012
20231013
20231016
20231017
20231018
20231019
20231020
20231023
20231024
20231025
20231026
20231027
20231030
20231031
20231101
20231102
20231103
20231106
20231107
20231108
20231109
20231110
20231113
20231114
20231115
20231116
20231117
20231120
20231121
20231122
20231123
20231124
20231127
20231128
20231129
20231130
20231201
20231204
20231205
20231206
20231207
20231208
20231211
20231212
20231213
20231214
20231215
20231218
20231219
20231220
20231221
20231222
20231225
20231226
20231227
20231228
20231229
20240102
20240103
20240104
20240105
20240108
20240109
20240110
20240111
20240112
20240115
20240116
20240117
20240118
20240119
20240122
20240123
20240124
20240125
20240126
20240129
20240130
20240131
20240201
20240202
20240205
20240206
20240207
20240208
20240219
20240220
20240221
20240222
20240223
20240226
20240227
20240228
20240229
20240301
20240304
20240305
20240306
20240307
20240308
20240311
20240312
20240313
20240314
20240315
20240318
20240319
20240320
20240321
20240322
20240325
20240326
20240327
20240328
20240329
20240401
20240402
20240403
20240408
20240409
20240410
20240411
20240412
20240415
20240416
20240417
20240418
20240419
20240422
20240423
20240424
20240425
20240426
20240429
20240430
20240506
20240507
20240508
20240509
20240510
20240513
20240514
20240515
20240516
20240517
20240520
20240521
20240522
20240523
20240524
20240527
20240528
20240529
20240530
20240531
20240603
20240604
20240605
20240606
20240607
20240611
20240612
20240613
20240614
20240617
20240618
20240619
20240620
20240621
20240624
20240625
20240626
20240627
20240628
20240701
20240702
20240703
20240704
20240705
20240708
20240709
20240710
20240711
20240712
20240715
20240716
20240717
20240718
20240719
20240722
20240723
20240724
20240725
20240726
20240729
20240730
20240731
20240801
20240802
20240805
20240806
20240807
20240808
20240809
20240812
20240813
20240814
20240815
20240819
20240820
20240821
20240822
20240823
20240826
20240827
20240828
20240829
20240830
20240902
20240903
20240904
20240905
20240906
20240909
20240910
20240911
20240912
20240913
20240918
20240919
20240920
20240923
20240924
20240925
20240926
20240927
20240930
20241008
20241009
20241010
20241011
20241014
20241015
20241016
20241017
20241018
20241021
20241022
20241023
20241024
20241025
20241028
20241029
20241030
20241031
20241101
20241104
20241105
20241106
20241107
20241108
20241111
20241112
20241113
20241114
20241115
20241118
20241119
20241120
20241121
20241122
20241125
20241126
20241127
20241128
20241129
20241202
20241203
20241204
20241205
20241206
20241209
20241210
20241211
20241212
20241213
20241216
20241217
20241218
20241219
20241220
20241223
20241224
20241225
20241226
20241227
20241230
20241231
20250102
20250103
20250106
20250107
20250108
20250109
20250110
20250113
20250114
20250115
20250116
20250117
20250120
20250121
20250122
20250123
20250124
20250127
20250205
20250206
20250207
20250210
20250211
20250212
20250213
20250214
20250217
20250218
20250219
20250220
20250221
20250224
20250225
20250226
20250227
20250228
20250303
20250304
20250305
20250306
20250307
20250310
20250311
20250312
20250313
20250314
20250317
20250318
20250319
20250320
20250321
20250324
20250325
20250326
20250327
20250328
20250331
20250401
20250402
20250403
20250407
20250408
20250409
20250410
20250411
20250414
20250415
20250416
20250417
20250418
20250421
20250422
20250423
20250424
20250425
20250428
20250429
20250430
20250506
20250507
20250508
20250509
20250512
20250513
20250514
20250515
20250516
20250519
20250520
20250521
20250522
20250523
20250526
20250527
20250528
20250529
20250530
20250603
20250604
20250605
20250606
20250609
20250610
20250611
20250612
20250613
20250616
20250617
20250618
20250619
20250620
20250623
20250624
20250625
20250626
20250627
20250630
20250701
20250702
20250703
20250704
20250707
20250708
20250709
20250710
20250711
20250714
20250715
20250716
20250717
20250718
20250721
20250722
20250723
20250724
20250725
20250728
20250729
20250730
20250731
20250801
20250804
20250805
20250806
20250807
20250808
20250811
20250812
20250813
20250814
20250815
20250818
20250819
20250820
20250821
20250822
20250825
20250826
20250827
20250828
20250829
20250901
20250902
20250903
20250904
20250905
20250908
20250909
20250910
20250911
20250912
20250915
20250916
20250917
20250918
20250919
20250922
20250923
20250924
20250925
20250926
20250929
20250930
20251009
20251010
20251013
20251014
20251015
20251016
20251017
20251020
20251021
20251022
20251023
20251024
20251027
20251028
20251029
20251030
20251031
20251103
20251104
20251105
20251106
20251107
20251110
20251111
20251112
20251113
20251114
20251117
20251118
20251119
20251120
20251121
20251124
20251125
20251126
20251127
20251128
20251201
20251202
20251203
20251204
20251205
20251208
20251209
20251210
20251211
20251212
20251215
20251216
20251217
20251218
20251219
20251222
20251223
20251224
20251225
20251226
20251229
20251230
20251231
20260105
20260106
20260107
20260108
20260109
20260112
